[background1101.jpg]
filters=Vignette=1,50.000000,2.000000,12.280702,00000000;
moddate=4ff87ee0dd38d201
width=5552
height=3333
textactive=0
